body;score;nb_replies;stickied;author;id;post_title;post_id;post_link
Don’t be like Greg.;1;0;False;alejungle;ex487xz;Reminder;cpb6co;https://i.redd.it/rrk1ulea80g31.jpg
"> *that's exactly what the ledger is*

It only tell you about distribution of Bitcoin between all addresses, not who owns those.";1;0;False;okonm;ex5u3mk;Reminder;cpb6co;https://i.redd.it/rrk1ulea80g31.jpg
people != member;1;1;False;ti82_;ex4s4z0;Reminder;cpb6co;https://i.redd.it/rrk1ulea80g31.jpg
Not necessarily I just left it there and withdrew at 14k ish over 40 days.;1;0;False;MaddenJMF;ex4pmth;Classic;c9gztr;https://i.redd.it/9pk3f6023i831.jpg
